jskumar1:jskumar1-west
latitude:41.77359
longitude:-88.15968
